500004 00001E 000021 000000 000000 4C0004 00000F 000000
000000 2E0000 4C0004 000000 FFFFFF FFFFFF 2E2E00 560006
000001 000000 000009 656D62 656464 656400 440007 000001
000000 000006 646174 615F73 65676D 656E74 800020 000000
000000 000000 000000 000000 000000 000000 000000 000000
000000 000000 000000 000000 000000 000000 000000 000000
000000 000000 000000 000000 000000 000000 000000 000000
000000 000000 000000 000000 000000 000000 000000 450000
500004 00002B 000014 000000 000000 4C0004 000016 000000
000005 2E0000 4C0004 00000F 000000 000000 2E2E00 46000D
000001 000000 000007 000000 000000 000000 000000 00001E
6D7964 617461 315F73 65676D 656E74 46000D 000001 000000
000008 000000 000000 000000 000000 000018 6D7964 617461
325F73 65676D 656E74 800013 000000 000000 000000 000000
000000 000000 000000 000000 000000 000000 000000 000000
000000 000000 000000 000000 000000 000000 000000 450000

+mydata1_segment:$20:00000000018F
000006 01FA55 000000 00303C 257320 77656C 6C2049 276D20
686572 650A00 000000 000000 000000 000000 000000 000000
000000 000000 000000 000000 000000 000000 000000 000000
000000 000000 000000 000000 000000 000000 000000 000000
000000 000000 000000 000000 000000 000000 000000 000000
000000 000000 000000 000000 000000 000000 000000 000000
000000 000000 000000 000000 000000 000000 000000 000000
000000 000000 000000 000000 000000 000000 000000 000000

+mydata2_segment:$20:00000000019D
000004 BC765E 000000 00303C 257320 736F20 616D20 490A00
000000 000000 000000 000000 000000 000000 000000 000000
000000 000000 000000 000000 000000 000000 000000 000000
000000 000000 000000 000000 000000 000000 000000 000000
000000 000000 000000 000000 000000 000000 000000 000000
000000 000000 000000 000000 000000 000000 000000 000000
000000 000000 000000 000000 000000 000000 000000 000000
000000 000000 000000 000000 000000 000000 000000 000000
