-418150316257537 -4512647
-418150316257537 -2
-418150316 -1231796
-418150317 +2
-418 -718958
-418
+418150316257537 +4512647
+418150316257537 +2
+418150316 +1231796
+418150316
+418 +718958
+418
-1999281042
+1999281042
+2000000000
-1999999998768204
+1999999998768204
+2000000000000000
-1999999999999995487353
+1999999999999995487353
+2000000000000000000000
+1999281042
-1999281042
-2000000000
+1999999998768204
-1999999998768204
-2000000000000000
+1999999999999995487353
-1999999999999995487353
-2000000000000000000000
