-4.181503162575379434823851043149140209773469e+14
-4.181503162575379434823851043149140209773469e+14
-4.181503162575379434823851043149140209773469e+8
-4.181503162575379434823851043149140209773469e+8
-4.181503162575379434823851043149140209773469e+2
-4.181503162575379434823851043149140209773469e+2
+4.181503162575379434823851043149140209773469e+14
+4.181503162575379434823851043149140209773469e+14
+4.181503162575379434823851043149140209773469e+8
+4.181503162575379434823851043149140209773469e+8
+4.181503162575379434823851043149140209773469e+2
+4.181503162575379434823851043149140209773469e+2
-1999281042.000
+1999281042.000
+2000000000.000
-1999999998768204.000
+1999999998768204.000
+2000000000000000.000
-1999999999999995487353.000
+1999999999999995487353.000
+2000000000000000000000.000
+1999281042.000
-1999281042.000
-2000000000.000
+1999999998768204.000
-1999999998768204.000
-2000000000000000.000
+1999999999999995487353.000
-1999999999999995487353.000
-2000000000000000000000.000
-1024000000000000.000
-1024000000000000.000
-1024000000.000
-1024000000.000
-1024.000
-1024.000
+2000000000000000000000.000
+2000000000000000000000.000
+2000000000000000.000
+2000000000000000.000
+2000000000.000
+2000000000.000
