-6.666666666666666666666666666666666666666667e+14
-2.222222222222223333333333333333333333333334e+14
-74074074074074.000
-2.469135802469133333333333333333333333333332e+13
-8230452674897.000
-2.743484224965666666666666666666666666666666e+12
-914494741655.000
-3.048315805516666666666666666666666666666666e+11
-1.016105268503333333333333333333333333333333e+11
-3.387017561666666666666666666666666666666667e+10
-11290058539.000
-3.763352846333333333333333333333333333333333e+9
-1.254450948666666666666666666666666666666666e+9
-4.181503163333333333333333333333333333333333e+8
