-0.000
+1.745240643728351281941897851631619247225271e-2
+3.489949670250097164599518162533293735482458e-2
+5.000e-1
+7.071067811865475244008443621048490392848359e-1
+8.660254037844386467637231707529361834714027e-1
+9.993908270190957300062434400439299644952363e-1
+9.998476951563912391570115588139148516927400e-1
+1.000
+9.998476951563912391570115588139148516927402e-1
+9.993908270190957300062434400439299644952361e-1
+8.660254037844386467637231707529361834714023e-1
+7.071067811865475244008443621048490392848382e-1
+5.000000000000000000000000000000000000000514e-1
+3.489949670250097164599518162533293736209642e-2
+1.745240643728351281941897851631619248080574e-2
+0.000
-1.745240643728351281941897851631619246045124e-2
-3.489949670250097164599518162533293734097960e-2
-5.000e-1
-7.071067811865475244008443621048490328449569e-1
-8.660254037844386467637231707529361417596717e-1
-9.993908270190957300062434400439289480543011e-1
-9.998476951563912391570115588139137196114708e-1
-0.999999999999999999999999999999999999999999
-9.998476951563912391570115588139134490521038e-1
-9.993908270190957300062434400439284041441439e-1
-8.660254037844386467637231707529096426725872e-1
-7.071067811865475244008443621047402741112573e-1
-5.000e-1
-3.489949670250097164599518162094663900437968e-2
-1.745240643728351281941897851156195244757573e-2
+1.000
+9.998476951563912391570115588139148516927400e-1
+9.993908270190957300062434400439299644952363e-1
+8.660254037844386467637231707529361834714027e-1
+7.071067811865475244008443621048490392848359e-1
+5.000e-1
+3.489949670250097164599518162533293735482458e-2
+1.745240643728351281941897851631619247225271e-2
-0.000
-1.745240643728351281941897851631619247225271e-2
-3.489949670250097164599518162533293735482458e-2
-5.000e-1
-7.071067811865475244008443621048490392848359e-1
-8.660254037844386467637231707529361834714027e-1
-9.993908270190957300062434400439299644952363e-1
-9.998476951563912391570115588139148516927400e-1
-1.000
-9.998476951563912391570115588139148516927402e-1
-9.993908270190957300062434400439299644952361e-1
-8.660254037844386467637231707529361834714023e-1
-7.071067811865475244008443621048490392848382e-1
-5.000000000000000000000000000000000000000514e-1
-3.489949670250097164599518162533293736209642e-2
-1.745240643728351281941897851631619248080574e-2
-0.000
+1.745240643728351281941897851631619246045123e-2
+3.489949670250097164599518162533293734097960e-2
+5.000e-1
+7.071067811865475244008443621048490328449569e-1
+8.660254037844386467637231707529361417596717e-1
+9.993908270190957300062434400439289480543011e-1
+9.998476951563912391570115588139137196114708e-1
