+7.000
+7.000
+7.000
+7.000
+7.000
+7.000
+7.000
+7.000
+8.000
+9.000
+10.000
+11.000
+12.000
+13.000
+14.000
+49.000
+0.888888888888888888e+023
+0.888888888888888888e+023
+888888888888888888000.000
+888888888888888888000.000
+888888888888888888000.000
+888888888888888888000.000
+1.234567890123456780e+022
+1.234567890123456780e+022
+123456789012345678000.000
+123456789012345678000.000
+123456789012345678000.000
+123456789012345678000.000
+333333333333333333333.000
+123456789012345678000.000
+123456789012345678.000
+123456789012345678000.000
+123456789012345678.000
+1234567890123456789010.000
+123456789012345678901.000
+1234567890123456789010.000
+123456789012345678901.000
+333333333333333333000.000
+333333333333333333.000
+333333333333333333.000
+333333333333333333000.000
+777777777777777777000.000
+777777777777777777000.000
+777777777777777777.000
+777777777777777777.000
+777777777777777777000.000
+888888888888888888000.000
+888888888888888888000.000
+222222222222222222.000
+222222222222222222.000
+555555555555555555000.000
+555555555555555555000.000
+555555555555555555.000
+555555555555555555.000
-8192.000
-0.819200e+034
+111222333444.555666777
+111222.333
+111222.333444
+1.000000000000000000010
+1.000000000000000000010
+0.700e+022
+123456789012345678901.000
+3.000000000000000000006e+1200000
-3.000000000000000000006e+1200000
-3.000000000000000000006e+1200000
