-222222222222222 -1
-22222222222222 -7
-2222222222222 -67
-222222222222 -667
-22222222222 -6667
-2222222222 -66667
-222222222 -666667
-22222222 -6666667
-2222222 -66666667
-222222 -666666667
-222222222222222
-22222222222222 -6
-2222222222222 -66
-222222222222 -666
-22222222222 -6666
-2222222222 -66666
-222222222 -666666
-22222222 -6666666
-2222222 -66666666
-222222 -666666666
+6000000000000000000
+2000000000
+24691357800000000
+123456789
-123456789
-123456789
+1600000000000000000000
+80
-80
-80
-80 +1
-79 -19999999999999999999
-2360000000000000000000
+1600000000000000000000
