-0.000
+1.000
+1.745240643728351281941897851631619247225271e-2
+9.998476951563912391570115588139148516927400e-1
+3.489949670250097164599518162533293735482458e-2
+9.993908270190957300062434400439299644952363e-1
+5.233595624294383272211862960907841873101826e-2
+9.986295347545738737844920584394365805909521e-1
+6.975647374412530077595883519414332860090319e-2
+9.975640502598242476131626806442550263693778e-1
+8.715574274765817355806427083747355137770116e-2
+9.961946980917455322950104024738880461835626e-1
+1.045284632676534713998341548024981190806558e-1
+9.945218953682733369226919449805703815207919e-1
+1.218693434051474811128939192315251760132356e-1
+9.925461516413220349800615893305841090436526e-1
+1.391731009600654441124966633011052754559249e-1
+9.902680687415703150837748673448507592510897e-1
+1.564344650402308690101053194671668923138998e-1
+9.876883405951377261900402476934372607584068e-1
+1.736481776669303488517166267693147960003757e-1
+9.848077530122080593667430245895230136706432e-1
+1.908089953765448124051404879583876196279207e-1
+9.816271834476639534965048998181408193182533e-1
+2.079116908177593371017422844051251662165847e-1
+9.781476007338056379285667478695995324597380e-1
+2.249510543438649980511072083427965586310138e-1
+9.743700647852352285396944800882688330051208e-1
+2.419218955996677225604423741003529652950079e-1
+9.702957262759964723063778740339903776322609e-1
+2.588190451025207623488988376240483283490688e-1
+9.659258262890682867497431997288973676339048e-1
+2.756373558169991856499715746113041477124473e-1
+9.612616959383188619164970485570648735256923e-1
+2.923717047227367280974686953771432526646872e-1
+9.563047559630354813386508166184189620094103e-1
+3.090169943749474241022934171828190588601545e-1
+9.510565162951535721164393333793821434056987e-1
+3.255681544571566687140089357947215717988515e-1
+9.455185755993168103481247075194031776764585e-1
+3.420201433256687330440996146822595807630834e-1
+9.396926207859083840541092773247314699362080e-1
+3.583679495453002734841377894134668341915444e-1
+9.335804264972017489900430631395707414059651e-1
+3.746065934159120354149637745011951310001590e-1
+9.271838545667874008064744511369569420976216e-1
+3.907311284892737550620845888890942676180152e-1
+9.205048534524403273968947233004614202795033e-1
+4.067366430758002077539859903414976129231397e-1
+9.135454576426008955021275719853171779408106e-1
+4.226182617406994361869784896477301815631293e-1
+9.063077870366499632425526567543169832677127e-1
+4.383711467890774174527345406582657390627558e-1
+8.987940462991669927822956766957853549299734e-1
+4.539904997395467915604083663578711989830476e-1
+8.910065241883678623597095714136263127705185e-1
+4.694715627858907759594622882278432957232187e-1
+8.829475928589269420321713603157193860835366e-1
+4.848096202463370290753796224157765682766574e-1
+8.746197071393958002846369586610795068563064e-1
+5.000e-1
+8.660254037844386467637231707529361834714027e-1
+5.150380749100542100816319363981382834160827e-1
+8.571673007021122874652179801447633143840537e-1
+5.299192642332049540467811518160866687720175e-1
+8.480480961564259703861761786903864487287120e-1
+5.446390350150270822240836920815653816079043e-1
+8.386705679454240296375909418045478940395003e-1
+5.591929034707468301604281399859892873066219e-1
+8.290375725550416920063368415016420263290701e-1
+5.735764363510460961080319128261578646204333e-1
+8.191520442889917896844883859168434318900114e-1
+5.877852522924731291687059546390727685976524e-1
+8.090169943749474241022934171828190588601546e-1
+6.018150231520482799179770004414898414256377e-1
+7.986355100472928462840008040689362442662676e-1
+6.156614753256582796688110928436556282509309e-1
+7.880107536067219566939777878358516666416968e-1
+6.293203910498374527059024582799704265668624e-1
+7.771459614569708799799377436724038490920655e-1
+6.427876096865393263226434099072634329075599e-1
+7.660444431189780352023926505554166739358325e-1
+6.560590289905072847824959640234192475194015e-1
+7.547095802227719979429842195610155580485380e-1
+6.691306063588582138262733306867804735995833e-1
+7.431448254773942350146970489742569771891137e-1
+6.819983600624985004422257847111255803404338e-1
+7.313537016191704832875436082756224033783964e-1
+6.946583704589972866564062994226862299198134e-1
+7.193398003386511393560546744567119082306845e-1
+7.071067811865475244008443621048490392848359e-1
+7.071067811865475244008443621048490392848359e-1
+7.193398003386511393560546744567119082306845e-1
+6.946583704589972866564062994226862299198134e-1
+7.313537016191704832875436082756224033783964e-1
+6.819983600624985004422257847111255803404338e-1
+7.431448254773942350146970489742569771891137e-1
+6.691306063588582138262733306867804735995833e-1
+7.547095802227719979429842195610155580485380e-1
+6.560590289905072847824959640234192475194015e-1
+7.660444431189780352023926505554166739358325e-1
+6.427876096865393263226434099072634329075599e-1
+7.771459614569708799799377436724038490920655e-1
+6.293203910498374527059024582799704265668624e-1
+7.880107536067219566939777878358516666416968e-1
+6.156614753256582796688110928436556282509309e-1
+7.986355100472928462840008040689362442662676e-1
+6.018150231520482799179770004414898414256377e-1
+8.090169943749474241022934171828190588601546e-1
+5.877852522924731291687059546390727685976524e-1
+8.191520442889917896844883859168434318900114e-1
+5.735764363510460961080319128261578646204333e-1
+8.290375725550416920063368415016420263290701e-1
+5.591929034707468301604281399859892873066219e-1
+8.386705679454240296375909418045478940395003e-1
+5.446390350150270822240836920815653816079043e-1
+8.480480961564259703861761786903864487287120e-1
+5.299192642332049540467811518160866687720175e-1
+8.571673007021122874652179801447633143840537e-1
+5.150380749100542100816319363981382834160827e-1
+8.660254037844386467637231707529361834714027e-1
+5.000e-1
+8.746197071393958002846369586610795068563064e-1
+4.848096202463370290753796224157765682766574e-1
+8.829475928589269420321713603157193860835366e-1
+4.694715627858907759594622882278432957232187e-1
+8.910065241883678623597095714136263127705185e-1
+4.539904997395467915604083663578711989830476e-1
+8.987940462991669927822956766957853549299734e-1
+4.383711467890774174527345406582657390627558e-1
+9.063077870366499632425526567543169832677127e-1
+4.226182617406994361869784896477301815631293e-1
+9.135454576426008955021275719853171779408106e-1
+4.067366430758002077539859903414976129231397e-1
+9.205048534524403273968947233004614202795033e-1
+3.907311284892737550620845888890942676180152e-1
+9.271838545667874008064744511369569420976216e-1
+3.746065934159120354149637745011951310001590e-1
+9.335804264972017489900430631395707414059651e-1
+3.583679495453002734841377894134668341915444e-1
+9.396926207859083840541092773247314699362080e-1
+3.420201433256687330440996146822595807630834e-1
+9.455185755993168103481247075194031776764585e-1
+3.255681544571566687140089357947215717988515e-1
+9.510565162951535721164393333793821434056987e-1
+3.090169943749474241022934171828190588601545e-1
+9.563047559630354813386508166184189620094103e-1
+2.923717047227367280974686953771432526646872e-1
+9.612616959383188619164970485570648735256923e-1
+2.756373558169991856499715746113041477124473e-1
+9.659258262890682867497431997288973676339048e-1
+2.588190451025207623488988376240483283490688e-1
+9.702957262759964723063778740339903776322609e-1
+2.419218955996677225604423741003529652950079e-1
+9.743700647852352285396944800882688330051208e-1
+2.249510543438649980511072083427965586310138e-1
+9.781476007338056379285667478695995324597380e-1
+2.079116908177593371017422844051251662165847e-1
+9.816271834476639534965048998181408193182533e-1
+1.908089953765448124051404879583876196279207e-1
+9.848077530122080593667430245895230136706432e-1
+1.736481776669303488517166267693147960003757e-1
+9.876883405951377261900402476934372607584068e-1
+1.564344650402308690101053194671668923138998e-1
+9.902680687415703150837748673448507592510897e-1
+1.391731009600654441124966633011052754559249e-1
+9.925461516413220349800615893305841090436526e-1
+1.218693434051474811128939192315251760132356e-1
+9.945218953682733369226919449805703815207919e-1
+1.045284632676534713998341548024981190806558e-1
+9.961946980917455322950104024738880461835626e-1
+8.715574274765817355806427083747355137770116e-2
+9.975640502598242476131626806442550263693778e-1
+6.975647374412530077595883519414332860090319e-2
+9.986295347545738737844920584394365805909521e-1
+5.233595624294383272211862960907841873101826e-2
+9.993908270190957300062434400439299644952363e-1
+3.489949670250097164599518162533293735482458e-2
+9.998476951563912391570115588139148516927400e-1
+1.745240643728351281941897851631619247225271e-2
+1.000
-0.000
+9.998476951563912391570115588139148516927402e-1
-1.745240643728351281941897851631619247225271e-2
+9.993908270190957300062434400439299644952361e-1
-3.489949670250097164599518162533293735482458e-2
+9.986295347545738737844920584394365805909524e-1
-5.233595624294383272211862960907841873101826e-2
+9.975640502598242476131626806442550263693775e-1
-6.975647374412530077595883519414332860090319e-2
+9.961946980917455322950104024738880461835628e-1
-8.715574274765817355806427083747355137770116e-2
+9.945218953682733369226919449805703815207921e-1
-1.045284632676534713998341548024981190806558e-1
+9.925461516413220349800615893305841090436526e-1
-1.218693434051474811128939192315251760132356e-1
+9.902680687415703150837748673448507592510894e-1
-1.391731009600654441124966633011052754559249e-1
+9.876883405951377261900402476934372607584068e-1
-1.564344650402308690101053194671668923138998e-1
+9.848077530122080593667430245895230136706433e-1
-1.736481776669303488517166267693147960003757e-1
+9.816271834476639534965048998181408193182532e-1
-1.908089953765448124051404879583876196279207e-1
+9.781476007338056379285667478695995324597379e-1
-2.079116908177593371017422844051251662165847e-1
+9.743700647852352285396944800882688330051208e-1
-2.249510543438649980511072083427965586310138e-1
+9.702957262759964723063778740339903776322609e-1
-2.419218955996677225604423741003529652950079e-1
+9.659258262890682867497431997288973676339046e-1
-2.588190451025207623488988376240483283490688e-1
+9.612616959383188619164970485570648735256922e-1
-2.756373558169991856499715746113041477124473e-1
+9.563047559630354813386508166184189620094104e-1
-2.923717047227367280974686953771432526646872e-1
+9.510565162951535721164393333793821434056985e-1
-3.090169943749474241022934171828190588601546e-1
+9.455185755993168103481247075194031776764585e-1
-3.255681544571566687140089357947215717988515e-1
+9.396926207859083840541092773247314699362079e-1
-3.420201433256687330440996146822595807630834e-1
+9.335804264972017489900430631395707414059651e-1
-3.583679495453002734841377894134668341915444e-1
+9.271838545667874008064744511369569420976213e-1
-3.746065934159120354149637745011951310001590e-1
+9.205048534524403273968947233004614202795029e-1
-3.907311284892737550620845888890942676180152e-1
+9.135454576426008955021275719853171779408102e-1
-4.067366430758002077539859903414976129231397e-1
+9.063077870366499632425526567543169832677125e-1
-4.226182617406994361869784896477301815631293e-1
+8.987940462991669927822956766957853549299737e-1
-4.383711467890774174527345406582657390627558e-1
+8.910065241883678623597095714136263127705188e-1
-4.539904997395467915604083663578711989830476e-1
+8.829475928589269420321713603157193860835365e-1
-4.694715627858907759594622882278432957232187e-1
+8.746197071393958002846369586610795068563064e-1
-4.848096202463370290753796224157765682766574e-1
+8.660254037844386467637231707529361834714023e-1
-5.000e-1
+8.571673007021122874652179801447633143840538e-1
-5.150380749100542100816319363981382834160827e-1
+8.480480961564259703861761786903864487287119e-1
-5.299192642332049540467811518160866687720175e-1
+8.386705679454240296375909418045478940395004e-1
-5.446390350150270822240836920815653816079043e-1
+8.290375725550416920063368415016420263290705e-1
-5.591929034707468301604281399859892873066219e-1
+8.191520442889917896844883859168434318900116e-1
-5.735764363510460961080319128261578646204333e-1
+8.090169943749474241022934171828190588601551e-1
-5.877852522924731291687059546390727685976524e-1
+7.986355100472928462840008040689362442662678e-1
-6.018150231520482799179770004414898414256377e-1
+7.880107536067219566939777878358516666416972e-1
-6.156614753256582796688110928436556282509309e-1
+7.771459614569708799799377436724038490920657e-1
-6.293203910498374527059024582799704265668624e-1
+7.660444431189780352023926505554166739358334e-1
-6.427876096865393263226434099072634329075599e-1
+7.547095802227719979429842195610155580485391e-1
-6.560590289905072847824959640234192475194015e-1
+7.431448254773942350146970489742569771891153e-1
-6.691306063588582138262733306867804735995833e-1
+7.313537016191704832875436082756224033783978e-1
-6.819983600624985004422257847111255803404338e-1
+7.193398003386511393560546744567119082306859e-1
-6.946583704589972866564062994226862299198134e-1
+7.071067811865475244008443621048490392848382e-1
-7.071067811865475244008443621048490392848359e-1
+6.946583704589972866564062994226862299198165e-1
-7.193398003386511393560546744567119082306845e-1
+6.819983600624985004422257847111255803404373e-1
-7.313537016191704832875436082756224033783964e-1
+6.691306063588582138262733306867804735995875e-1
-7.431448254773942350146970489742569771891137e-1
+6.560590289905072847824959640234192475194070e-1
-7.547095802227719979429842195610155580485381e-1
+6.427876096865393263226434099072634329075667e-1
-7.660444431189780352023926505554166739358325e-1
+6.293203910498374527059024582799704265668709e-1
-7.771459614569708799799377436724038490920655e-1
+6.156614753256582796688110928436556282509410e-1
-7.880107536067219566939777878358516666416968e-1
+6.018150231520482799179770004414898414256505e-1
-7.986355100472928462840008040689362442662676e-1
+5.877852522924731291687059546390727685976679e-1
-8.090169943749474241022934171828190588601546e-1
+5.735764363510460961080319128261578646204523e-1
-8.191520442889917896844883859168434318900114e-1
+5.591929034707468301604281399859892873066450e-1
-8.290375725550416920063368415016420263290701e-1
+5.446390350150270822240836920815653816079327e-1
-8.386705679454240296375909418045478940395003e-1
+5.299192642332049540467811518160866687720520e-1
-8.480480961564259703861761786903864487287120e-1
+5.150380749100542100816319363981382834161251e-1
-8.571673007021122874652179801447633143840538e-1
+5.000000000000000000000000000000000000000514e-1
-8.660254037844386467637231707529361834714027e-1
+4.848096202463370290753796224157765682767191e-1
-8.746197071393958002846369586610795068563064e-1
+4.694715627858907759594622882278432957232937e-1
-8.829475928589269420321713603157193860835366e-1
+4.539904997395467915604083663578711989831383e-1
-8.910065241883678623597095714136263127705185e-1
+4.383711467890774174527345406582657390628645e-1
-8.987940462991669927822956766957853549299734e-1
+4.226182617406994361869784896477301815632615e-1
-9.063077870366499632425526567543169832677127e-1
+4.067366430758002077539859903414976129232990e-1
-9.135454576426008955021275719853171779408106e-1
+3.907311284892737550620845888890942676182065e-1
-9.205048534524403273968947233004614202795033e-1
+3.746065934159120354149637745011951310003892e-1
-9.271838545667874008064744511369569420976216e-1
+3.583679495453002734841377894134668341918205e-1
-9.335804264972017489900430631395707414059651e-1
+3.420201433256687330440996146822595807634143e-1
-9.396926207859083840541092773247314699362080e-1
+3.255681544571566687140089357947215717992489e-1
-9.455185755993168103481247075194031776764585e-1
+3.090169943749474241022934171828190588606290e-1
-9.510565162951535721164393333793821434056987e-1
+2.923717047227367280974686953771432526652553e-1
-9.563047559630354813386508166184189620094103e-1
+2.756373558169991856499715746113041477131254e-1
-9.612616959383188619164970485570648735256923e-1
+2.588190451025207623488988376240483283498771e-1
-9.659258262890682867497431997288973676339048e-1
+2.419218955996677225604423741003529652959698e-1
-9.702957262759964723063778740339903776322609e-1
+2.249510543438649980511072083427965586321587e-1
-9.743700647852352285396944800882688330051208e-1
+2.079116908177593371017422844051251662179459e-1
-9.781476007338056379285667478695995324597380e-1
+1.908089953765448124051404879583876196295377e-1
-9.816271834476639534965048998181408193182533e-1
+1.736481776669303488517166267693147960022940e-1
-9.848077530122080593667430245895230136706432e-1
+1.564344650402308690101053194671668923161738e-1
-9.876883405951377261900402476934372607584068e-1
+1.391731009600654441124966633011052754586176e-1
-9.902680687415703150837748673448507592510897e-1
+1.218693434051474811128939192315251760164209e-1
-9.925461516413220349800615893305841090436526e-1
+1.045284632676534713998341548024981190844198e-1
-9.945218953682733369226919449805703815207919e-1
+8.715574274765817355806427083747355138214506e-2
-9.961946980917455322950104024738880461835626e-1
+6.975647374412530077595883519414332860614494e-2
-9.975640502598242476131626806442550263693778e-1
+5.233595624294383272211862960907841873719506e-2
-9.986295347545738737844920584394365805909521e-1
+3.489949670250097164599518162533293736209642e-2
-9.993908270190957300062434400439299644952363e-1
+1.745240643728351281941897851631619248080574e-2
-9.998476951563912391570115588139148516927400e-1
+0.000
-1.000
-1.745240643728351281941897851631619246045124e-2
-9.998476951563912391570115588139148516927402e-1
-3.489949670250097164599518162533293734097960e-2
-9.993908270190957300062434400439299644952361e-1
-5.233595624294383272211862960907841871479123e-2
-9.986295347545738737844920584394365805909524e-1
-6.975647374412530077595883519414332858190242e-2
-9.975640502598242476131626806442550263693775e-1
-8.715574274765817355806427083747355135546842e-2
-9.961946980917455322950104024738880461835628e-1
-1.045284632676534713998341548024981190546660e-1
-9.945218953682733369226919449805703815207921e-1
-1.218693434051474811128939192315251759828793e-1
-9.925461516413220349800615893305841090436526e-1
-1.391731009600654441124966633011052754204980e-1
-9.902680687415703150837748673448507592510894e-1
-1.564344650402308690101053194671668922725880e-1
-9.876883405951377261900402476934372607584068e-1
-1.736481776669303488517166267693147959522397e-1
-9.848077530122080593667430245895230136706433e-1
-1.908089953765448124051404879583876195718805e-1
-9.816271834476639534965048998181408193182532e-1
-2.079116908177593371017422844051251661513942e-1
-9.781476007338056379285667478695995324597379e-1
-2.249510543438649980511072083427965585552377e-1
-9.743700647852352285396944800882688330051208e-1
-2.419218955996677225604423741003529652069963e-1
-9.702957262759964723063778740339903776322609e-1
-2.588190451025207623488988376240483282469259e-1
-9.659258262890682867497431997288973676339046e-1
-2.756373558169991856499715746113041475939927e-1
-9.612616959383188619164970485570648735256922e-1
-2.923717047227367280974686953771432525274202e-1
-9.563047559630354813386508166184189620094104e-1
-3.090169943749474241022934171828190587012059e-1
-9.510565162951535721164393333793821434056985e-1
-3.255681544571566687140089357947215716149353e-1
-9.455185755993168103481247075194031776764585e-1
-3.420201433256687330440996146822595805504320e-1
-9.396926207859083840541092773247314699362079e-1
-3.583679495453002734841377894134668339458472e-1
-9.335804264972017489900430631395707414059651e-1
-3.746065934159120354149637745011951307164855e-1
-9.271838545667874008064744511369569420976213e-1
-3.907311284892737550620845888890942672907270e-1
-9.205048534524403273968947233004614202795029e-1
-4.067366430758002077539859903414976125457962e-1
-9.135454576426008955021275719853171779408102e-1
-4.226182617406994361869784896477301811283794e-1
-9.063077870366499632425526567543169832677125e-1
-4.383711467890774174527345406582657385622134e-1
-8.987940462991669927822956766957853549299737e-1
-4.539904997395467915604083663578711984071511e-1
-8.910065241883678623597095714136263127705188e-1
-4.694715627858907759594622882278432950610709e-1
-8.829475928589269420321713603157193860835365e-1
-4.848096202463370290753796224157765675158516e-1
-8.746197071393958002846369586610795068563064e-1
-5.000e-1
-8.660254037844386467637231707529361834714023e-1
-5.150380749100542100816319363981382824136686e-1
-8.571673007021122874652179801447633143840538e-1
-5.299192642332049540467811518160866676225187e-1
-8.480480961564259703861761786903864487287119e-1
-5.446390350150270822240836920815653802905958e-1
-8.386705679454240296375909418045478940395004e-1
-5.591929034707468301604281399859892857979655e-1
-8.290375725550416920063368415016420263290705e-1
-5.735764363510460961080319128261578628937355e-1
-8.191520442889917896844883859168434318900116e-1
-5.877852522924731291687059546390727666226379e-1
-8.090169943749474241022934171828190588601551e-1
-6.018150231520482799179770004414898391680042e-1
-7.986355100472928462840008040689362442662678e-1
-6.156614753256582796688110928436556256718246e-1
-7.880107536067219566939777878358516666416972e-1
-6.293203910498374527059024582799704236223125e-1
-7.771459614569708799799377436724038490920657e-1
-6.427876096865393263226434099072634295478178e-1
-7.660444431189780352023926505554166739358335e-1
-6.560590289905072847824959640234192436882229e-1
-7.547095802227719979429842195610155580485391e-1
-6.691306063588582138262733306867804692334167e-1
-7.431448254773942350146970489742569771891153e-1
-6.819983600624985004422257847111255753675045e-1
-7.313537016191704832875436082756224033783978e-1
-6.946583704589972866564062994226862242591068e-1
-7.193398003386511393560546744567119082306859e-1
-7.071067811865475244008443621048490328449569e-1
-7.071067811865475244008443621048490392848382e-1
-7.193398003386511393560546744567119009085869e-1
-6.946583704589972866564062994226862299198165e-1
-7.313537016191704832875436082756223950579582e-1
-6.819983600624985004422257847111255803404373e-1
-7.431448254773942350146970489742569677395387e-1
-6.691306063588582138262733306867804735995875e-1
-7.547095802227719979429842195610155473225962e-1
-6.560590289905072847824959640234192475194070e-1
-7.660444431189780352023926505554166617678647e-1
-6.427876096865393263226434099072634329075667e-1
-7.771459614569708799799377436724038352957762e-1
-6.293203910498374527059024582799704265668709e-1
-7.880107536067219566939777878358516510077027e-1
-6.156614753256582796688110928436556282509410e-1
-7.986355100472928462840008040689362265593394e-1
-6.018150231520482799179770004414898414256505e-1
-8.090169943749474241022934171828190388161611e-1
-5.877852522924731291687059546390727685976679e-1
-8.191520442889917896844883859168434092125350e-1
-5.735764363510460961080319128261578646204523e-1
-8.290375725550416920063368415016420006856051e-1
-5.591929034707468301604281399859892873066450e-1
-8.386705679454240296375909418045478650572445e-1
-5.446390350150270822240836920815653816079327e-1
-8.480480961564259703861761786903864159898937e-1
-5.299192642332049540467811518160866687720520e-1
-8.571673007021122874652179801447632774207232e-1
-5.150380749100542100816319363981382834161251e-1
-8.660254037844386467637231707529361417596717e-1
-5.000000000000000000000000000000000000000514e-1
-8.746197071393958002846369586610794598099150e-1
-4.848096202463370290753796224157765682767191e-1
-8.829475928589269420321713603157193330467540e-1
-4.694715627858907759594622882278432957232937e-1
-8.910065241883678623597095714136262530102521e-1
-4.539904997395467915604083663578711989831383e-1
-8.987940462991669927822956766957852876270094e-1
-4.383711467890774174527345406582657390628645e-1
-9.063077870366499632425526567543169075070285e-1
-4.226182617406994361869784896477301815632615e-1
-9.135454576426008955021275719853170927008253e-1
-4.067366430758002077539859903414976129232990e-1
-9.205048534524403273968947233004613244201892e-1
-3.907311284892737550620845888890942676182065e-1
-9.271838545667874008064744511369568343473428e-1
-3.746065934159120354149637745011951310003892e-1
-9.335804264972017489900430631395706203469057e-1
-3.583679495453002734841377894134668341918205e-1
-9.396926207859083840541092773247313339882643e-1
-3.420201433256687330440996146822595807634143e-1
-9.455185755993168103481247075194030250794298e-1
-3.255681544571566687140089357947215717992489e-1
-9.510565162951535721164393333793819721996197e-1
-3.090169943749474241022934171828190588606290e-1
-9.563047559630354813386508166184187700128077e-1
-2.923717047227367280974686953771432526652553e-1
-9.612616959383188619164970485570646583115881e-1
-2.756373558169991856499715746113041477131254e-1
-9.659258262890682867497431997288971265033238e-1
-2.588190451025207623488988376240483283498771e-1
-9.702957262759964723063778740339901075850151e-1
-2.419218955996677225604423741003529652959698e-1
-9.743700647852352285396944800882685307075688e-1
-2.249510543438649980511072083427965586321587e-1
-9.781476007338056379285667478695991942092758e-1
-2.079116908177593371017422844051251662179459e-1
-9.816271834476639534965048998181404410041299e-1
-1.908089953765448124051404879583876196295377e-1
-9.848077530122080593667430245895225907308531e-1
-1.736481776669303488517166267693147960022940e-1
-9.876883405951377261900402476934367881321914e-1
-1.564344650402308690101053194671668923161738e-1
-9.902680687415703150837748673448502313266323e-1
-1.391731009600654441124966633011052754586176e-1
-9.925461516413220349800615893305835196005864e-1
-1.218693434051474811128939192315251760164209e-1
-9.945218953682733369226919449805697236668975e-1
-1.045284632676534713998341548024981190844198e-1
-9.961946980917455322950104024738873122852043e-1
-8.715574274765817355806427083747355138214506e-2
-9.975640502598242476131626806442542079750161e-1
-6.975647374412530077595883519414332860614494e-2
-9.986295347545738737844920584394356683471256e-1
-5.233595624294383272211862960907841873719506e-2
-9.993908270190957300062434400439289480543011e-1
-3.489949670250097164599518162533293736209642e-2
-9.998476951563912391570115588139137196114708e-1
-1.745240643728351281941897851631619248080574e-2
-0.999999999999999999999999999999999999999999
-0.000
-9.998476951563912391570115588139134490521038e-1
+1.745240643728351281941897851631619246045123e-2
-9.993908270190957300062434400439284041441439e-1
+3.489949670250097164599518162533293734097960e-2
-9.986295347545738737844920584394348454786067e-1
+5.233595624294383272211862960907841871479123e-2
-9.975640502598242476131626806442530976747538e-1
+6.975647374412530077595883519414332858190242e-2
-9.961946980917455322950104024738859031391522e-1
+8.715574274765817355806427083747355135546842e-2
-9.945218953682733369226919449805680012195444e-1
+1.045284632676534713998341548024981190546660e-1
-9.925461516413220349800615893305814662276308e-1
+1.218693434051474811128939192315251759828793e-1
-9.902680687415703150837748673448478260800866e-1
+1.391731009600654441124966633011052754204980e-1
-9.876883405951377261900402476934340065567566e-1
+1.564344650402308690101053194671668922725880e-1
-9.848077530122080593667430245895194046503101e-1
+1.736481776669303488517166267693147959522397e-1
-9.816271834476639534965048998181368182759565e-1
+1.908089953765448124051404879583876195718805e-1
-9.781476007338056379285667478695950984459186e-1
+2.079116908177593371017422844051251661513942e-1
-9.743700647852352285396944800882639209621476e-1
+2.249510543438649980511072083427965585552377e-1
-9.702957262759964723063778740339849379991808e-1
+2.419218955996677225604423741003529652069963e-1
-9.659258262890682867497431997288913459148106e-1
+2.588190451025207623488988376240483282469259e-1
-9.612616959383188619164970485570582098184050e-1
+2.756373558169991856499715746113041475939927e-1
-9.563047559630354813386508166184115904911466e-1
+2.923717047227367280974686953771432525274202e-1
-9.510565162951535721164393333793739917718118e-1
+3.090169943749474241022934171828190587012059e-1
-9.455185755993168103481247075193941665282581e-1
+3.255681544571566687140089357947215716149353e-1
-9.396926207859083840541092773247215121134055e-1
+3.420201433256687330440996146822595805504320e-1
-9.335804264972017489900430631395597412589509e-1
+3.583679495453002734841377894134668339458472e-1
-9.271838545667874008064744511369447946944606e-1
+3.746065934159120354149637745011951307164855e-1
-9.205048534524403273968947233004480105418915e-1
+3.907311284892737550620845888890942672907270e-1
-9.135454576426008955021275719853023797031038e-1
+4.067366430758002077539859903414976125457962e-1
-9.063077870366499632425526567543006582523184e-1
+4.226182617406994361869784896477301811283794e-1
-8.987940462991669927822956766957673516321026e-1
+4.383711467890774174527345406582657385622134e-1
-8.910065241883678623597095714136064652445773e-1
+4.539904997395467915604083663578711984071511e-1
-8.829475928589269420321713603156975126228607e-1
+4.694715627858907759594622882278432950610709e-1
-8.746197071393958002846369586610554085573459e-1
+4.848096202463370290753796224157765675158516e-1
-8.660254037844386467637231707529096426725871e-1
+5.000e-1
-8.571673007021122874652179801447340929689489e-1
+5.150380749100542100816319363981382824136686e-1
-8.480480961564259703861761786903542862821664e-1
+5.299192642332049540467811518160866676225187e-1
-8.386705679454240296375909418045125058446215e-1
+5.446390350150270822240836920815653802905958e-1
-8.290375725550416920063368415016031011918401e-1
+5.591929034707468301604281399859892857979655e-1
-8.191520442889917896844883859168006297774557e-1
+5.735764363510460961080319128261578628937355e-1
-8.090169943749474241022934171827720083366806e-1
+5.877852522924731291687059546390727666226379e-1
-7.986355100472928462840008040688845397117235e-1
+6.018150231520482799179770004414898391680042e-1
-7.880107536067219566939777878357948652334898e-1
+6.156614753256582796688110928436556256718246e-1
-7.771459614569708799799377436723414675319008e-1
+6.293203910498374527059024582799704236223125e-1
-7.660444431189780352023926505553481849008406e-1
+6.427876096865393263226434099072634295478178e-1
-7.547095802227719979429842195609403863442045e-1
+6.560590289905072847824959640234192436882229e-1
-7.431448254773942350146970489741744955802652e-1
+6.691306063588582138262733306867804692334167e-1
-7.313537016191704832875436082755319280725235e-1
+6.819983600624985004422257847111255753675045e-1
-7.193398003386511393560546744566126939856231e-1
+6.946583704589972866564062994226862242591068e-1
-7.071067811865475244008443621047402741112573e-1
+7.071067811865475244008443621048490328449569e-1
-6.946583704589972866564062994225670293461648e-1
+7.193398003386511393560546744567119009085869e-1
-6.819983600624985004422257847109949812059647e-1
+7.313537016191704832875436082756223950579582e-1
-6.691306063588582138262733306866374273382126e-1
+7.431448254773942350146970489742569677395387e-1
-6.560590289905072847824959640232626128945191e-1
+7.547095802227719979429842195610155473225962e-1
-6.427876096865393263226434099070919681548432e-1
+7.660444431189780352023926505554166617678647e-1
-6.293203910498374527059024582797827808989595e-1
+7.771459614569708799799377436724038352957762e-1
-6.156614753256582796688110928434503326745188e-1
+7.880107536067219566939777878358516510077027e-1
-6.018150231520482799179770004412652988175336e-1
+7.986355100472928462840008040689362265593394e-1
-5.877852522924731291687059546388272429829161e-1
+8.090169943749474241022934171828190388161611e-1
-5.735764363510460961080319128258894695909247e-1
+8.191520442889917896844883859168434092125350e-1
-5.591929034707468301604281399856959735144011e-1
+8.290375725550416920063368415016420006856051e-1
-5.446390350150270822240836920812449232624871e-1
+8.386705679454240296375909418045478650572445e-1
-5.299192642332049540467811518157366490658085e-1
+8.480480961564259703861761786903864159898937e-1
-5.150380749100542100816319363977560787966158e-1
+8.571673007021122874652179801447632774207232e-1
-5.000e-1
+8.660254037844386467637231707529361417596717e-1
-4.848096202463370290753796224153212100181182e-1
+8.746197071393958002846369586610794598099150e-1
-4.694715627858907759594622882273464649710862e-1
+8.829475928589269420321713603157193330467540e-1
-4.539904997395467915604083663573292616730198e-1
+8.910065241883678623597095714136262530102521e-1
-4.383711467890774174527345406576747551640195e-1
+8.987940462991669927822956766957852876270094e-1
-4.226182617406994361869784896470858803622782e-1
+9.063077870366499632425526567543169075070285e-1
-4.067366430758002077539859903407953663954419e-1
+9.135454576426008955021275719853170927008253e-1
-3.907311284892737550620845888883290617443648e-1
+9.205048534524403273968947233004613244201892e-1
-3.746065934159120354149637745003615348785004e-1
+9.271838545667874008064744511369568343473428e-1
-3.583679495453002734841377894125589667801356e-1
+9.335804264972017489900430631395706203469057e-1
-3.420201433256687330440996146812710750823832e-1
+9.396926207859083840541092773247313339882643e-1
-3.255681544571566687140089357936455364058932e-1
+9.455185755993168103481247075194030250794298e-1
-3.090169943749474241022934171816480363970994e-1
+9.510565162951535721164393333793819721996197e-1
-2.923717047227367280974686953758691752686035e-1
+9.563047559630354813386508166184187700128077e-1
-2.756373558169991856499715746099182890594075e-1
+9.612616959383188619164970485570646583115881e-1
-2.588190451025207623488988376225412520893191e-1
+9.659258262890682867497431997288971265033238e-1
-2.419218955996677225604423740987144696196308e-1
+9.702957262759964723063778740339901075850151e-1
-2.249510543438649980511072083410156166924501e-1
+9.743700647852352285396944800882685307075688e-1
-2.079116908177593371017422844031898621064847e-1
+9.781476007338056379285667478695991942092758e-1
-1.908089953765448124051404879562850795953127e-1
+9.816271834476639534965048998181404410041299e-1
-1.736481776669303488517166267670311145721016e-1
+9.848077530122080593667430245895225907308531e-1
-1.564344650402308690101053194646870529556080e-1
+9.876883405951377261900402476934367881321914e-1
-1.391731009600654441124966632984130653877111e-1
+9.902680687415703150837748673448502313266323e-1
-1.218693434051474811128939192286030947687221e-1
+9.925461516413220349800615893305835196005864e-1
-1.045284632676534713998341547993272803690807e-1
+9.945218953682733369226919449805697236668975e-1
-8.715574274765817355806427083403357778061120e-2
+9.961946980917455322950104024738873122852043e-1
-6.975647374412530077595883519041223860268695e-2
+9.975640502598242476131626806442542079750161e-1
-5.233595624294383272211862960503250554986022e-2
+9.986295347545738737844920584394356683471256e-1
-3.489949670250097164599518162094663900437968e-2
+9.993908270190957300062434400439289480543011e-1
-1.745240643728351281941897851156195244757573e-2
+9.998476951563912391570115588139137196114708e-1
+0.000
+0.999999999999999999999999999999999999999999
+1.745240643728351281941897851631619247225346e-2
+9.998476951563912391570115588139134490521038e-1
+3.489949670250097164599518162533293735482493e-2
+9.993908270190957300062434400439284041441439e-1
+5.233595624294383272211862960907841873101878e-2
+9.986295347545738737844920584394348454786067e-1
+6.975647374412530077595883519414332860090389e-2
+9.975640502598242476131626806442530976747538e-1
+8.715574274765817355806427083747355137770202e-2
+9.961946980917455322950104024738859031391522e-1
+1.045284632676534713998341548024981190806557e-1
+9.945218953682733369226919449805680012195444e-1
+1.218693434051474811128939192315251760132362e-1
+9.925461516413220349800615893305814662276293e-1
+1.391731009600654441124966633011052754559257e-1
+9.902680687415703150837748673448478260800866e-1
+1.564344650402308690101053194671668923139003e-1
+9.876883405951377261900402476934340065567566e-1
+1.736481776669303488517166267693147960003763e-1
+9.848077530122080593667430245895194046503101e-1
+1.908089953765448124051404879583876196279215e-1
+9.816271834476639534965048998181368182759565e-1
+2.079116908177593371017422844051251662165846e-1
+9.781476007338056379285667478695950984459186e-1
+2.249510543438649980511072083427965586310144e-1
+9.743700647852352285396944800882639209621476e-1
+2.419218955996677225604423741003529652950086e-1
+9.702957262759964723063778740339849379991808e-1
+2.588190451025207623488988376240483283490692e-1
+9.659258262890682867497431997288913459148106e-1
+2.756373558169991856499715746113041477124478e-1
+9.612616959383188619164970485570582098184050e-1
+2.923717047227367280974686953771432526646878e-1
+9.563047559630354813386508166184115904911466e-1
+3.090169943749474241022934171828190588601554e-1
+9.510565162951535721164393333793739917718118e-1
+3.255681544571566687140089357947215717988515e-1
+9.455185755993168103481247075193941665282581e-1
+3.420201433256687330440996146822595807630841e-1
+9.396926207859083840541092773247215121134055e-1
+3.583679495453002734841377894134668341915447e-1
+9.335804264972017489900430631395597412589509e-1
+3.746065934159120354149637745011951310001594e-1
+9.271838545667874008064744511369447946944606e-1
+3.907311284892737550620845888890942676180158e-1
+9.205048534524403273968947233004480105418915e-1
+4.067366430758002077539859903414976129231404e-1
+9.135454576426008955021275719853023797031024e-1
+4.226182617406994361869784896477301815631291e-1
+9.063077870366499632425526567543006582523184e-1
+4.383711467890774174527345406582657390627562e-1
+8.987940462991669927822956766957673516321026e-1
+4.539904997395467915604083663578711989830483e-1
+8.910065241883678623597095714136064652445773e-1
+4.694715627858907759594622882278432957232191e-1
+8.829475928589269420321713603156975126228607e-1
+4.848096202463370290753796224157765682766579e-1
+8.746197071393958002846369586610554085573459e-1
+5.000000000000000000000000000000000000000007e-1
+8.660254037844386467637231707529096426725871e-1
+5.150380749100542100816319363981382834160836e-1
+8.571673007021122874652179801447340929689489e-1
+5.299192642332049540467811518160866687720175e-1
+8.480480961564259703861761786903542862821664e-1
+5.446390350150270822240836920815653816079051e-1
+8.386705679454240296375909418045125058446215e-1
+5.591929034707468301604281399859892873066221e-1
+8.290375725550416920063368415016031011918401e-1
+5.735764363510460961080319128261578646204337e-1
+8.191520442889917896844883859168006297774557e-1
+5.877852522924731291687059546390727685976530e-1
+8.090169943749474241022934171827720083366806e-1
+6.018150231520482799179770004414898414256384e-1
+7.986355100472928462840008040688845397117235e-1
+6.156614753256582796688110928436556282509308e-1
+7.880107536067219566939777878357948652334898e-1
+6.293203910498374527059024582799704265668629e-1
+7.771459614569708799799377436723414675319008e-1
+6.427876096865393263226434099072634329075606e-1
+7.660444431189780352023926505553481849008406e-1
+6.560590289905072847824959640234192475194019e-1
+7.547095802227719979429842195609403863442045e-1
+6.691306063588582138262733306867804735995839e-1
+7.431448254773942350146970489741744955802652e-1
+6.819983600624985004422257847111255803404343e-1
+7.313537016191704832875436082755319280725235e-1
+6.946583704589972866564062994226862299198141e-1
+7.193398003386511393560546744566126939856230e-1
+7.071067811865475244008443621048490392848359e-1
+7.071067811865475244008443621047402741112573e-1
+7.193398003386511393560546744567119082306851e-1
+6.946583704589972866564062994225670293461647e-1
+7.313537016191704832875436082756224033783966e-1
+6.819983600624985004422257847109949812059647e-1
+7.431448254773942350146970489742569771891141e-1
+6.691306063588582138262733306866374273382126e-1
+7.547095802227719979429842195610155580485385e-1
+6.560590289905072847824959640232626128945191e-1
+7.660444431189780352023926505554166739358329e-1
+6.427876096865393263226434099070919681548432e-1
+7.771459614569708799799377436724038490920653e-1
+6.293203910498374527059024582797827808989595e-1
+7.880107536067219566939777878358516666416972e-1
+6.156614753256582796688110928434503326745187e-1
+7.986355100472928462840008040689362442662678e-1
+6.018150231520482799179770004412652988175336e-1
+8.090169943749474241022934171828190588601548e-1
+5.877852522924731291687059546388272429829161e-1
+8.191520442889917896844883859168434318900118e-1
+5.735764363510460961080319128258894695909247e-1
+8.290375725550416920063368415016420263290705e-1
+5.591929034707468301604281399856959735144011e-1
+8.386705679454240296375909418045478940395009e-1
+5.446390350150270822240836920812449232624871e-1
+8.480480961564259703861761786903864487287123e-1
+5.299192642332049540467811518157366490658085e-1
+8.571673007021122874652179801447633143840541e-1
+5.150380749100542100816319363977560787966158e-1
+8.660254037844386467637231707529361834714028e-1
+5.000e-1
+8.746197071393958002846369586610795068563065e-1
+4.848096202463370290753796224153212100181182e-1
+8.829475928589269420321713603157193860835370e-1
+4.694715627858907759594622882273464649710862e-1
+8.910065241883678623597095714136263127705189e-1
+4.539904997395467915604083663573292616730198e-1
+8.987940462991669927822956766957853549299734e-1
+4.383711467890774174527345406576747551640195e-1
+9.063077870366499632425526567543169832677130e-1
+4.226182617406994361869784896470858803622782e-1
+9.135454576426008955021275719853171779408107e-1
+4.067366430758002077539859903407953663954419e-1
+9.205048534524403273968947233004614202795035e-1
+3.907311284892737550620845888883290617443648e-1
+9.271838545667874008064744511369569420976218e-1
+3.746065934159120354149637745003615348785004e-1
+9.335804264972017489900430631395707414059654e-1
+3.583679495453002734841377894125589667801356e-1
+9.396926207859083840541092773247314699362083e-1
+3.420201433256687330440996146812710750823832e-1
+9.455185755993168103481247075194031776764587e-1
+3.255681544571566687140089357936455364058932e-1
+9.510565162951535721164393333793821434056988e-1
+3.090169943749474241022934171816480363970994e-1
+9.563047559630354813386508166184189620094105e-1
+2.923717047227367280974686953758691752686035e-1
+9.612616959383188619164970485570648735256925e-1
+2.756373558169991856499715746099182890594075e-1
+9.659258262890682867497431997288973676339051e-1
+2.588190451025207623488988376225412520893191e-1
+9.702957262759964723063778740339903776322610e-1
+2.419218955996677225604423740987144696196308e-1
+9.743700647852352285396944800882688330051208e-1
+2.249510543438649980511072083410156166924501e-1
+9.781476007338056379285667478695995324597380e-1
+2.079116908177593371017422844031898621064847e-1
+9.816271834476639534965048998181408193182533e-1
+1.908089953765448124051404879562850795953127e-1
+9.848077530122080593667430245895230136706432e-1
+1.736481776669303488517166267670311145721016e-1
+9.876883405951377261900402476934372607584069e-1
+1.564344650402308690101053194646870529556080e-1
+9.902680687415703150837748673448507592510897e-1
+1.391731009600654441124966632984130653877111e-1
+9.925461516413220349800615893305841090436529e-1
+1.218693434051474811128939192286030947687221e-1
+9.945218953682733369226919449805703815207921e-1
+1.045284632676534713998341547993272803690750e-1
+9.961946980917455322950104024738880461835626e-1
+8.715574274765817355806427083403357778061120e-2
+9.975640502598242476131626806442550263693778e-1
+6.975647374412530077595883519041223860268695e-2
+9.986295347545738737844920584394365805909522e-1
+5.233595624294383272211862960503250554986022e-2
+9.993908270190957300062434400439299644952363e-1
+3.489949670250097164599518162094663900437968e-2
+9.998476951563912391570115588139148516927400e-1
+1.745240643728351281941897851156195244757573e-2
+1.000
-0.000
