+7.000
+7.000
+7.000
+7.000
+7.000
+7.000
+7.000
+7.000
+8.000
+9.000
+10.000
+11.000
+12.000
+13.000
+14.000
+49.000
+0.888888888e+23
+0.888888889e+23
+0.888888888e+21
+0.888888900e+21
+0.888888888e+21
+0.888888900e+21
+1.234567890e+22
+1.234567890e+22
+1.234567890e+20
+1.234567895e+20
+1.234567890e+20
+1.234567895e+20
+3.333333333e+20
+1.234567897e+20
+1.234572630e+17
+1.234567890e+20
+1.234567890e+17
+1.234567890e+21
+1.234567890e+20
+1.234567890e+21
+1.234567890e+20
+3.333333348e+20
+3.333333333e+17
+3.333347428e+17
+3.333333348e+20
+0.777777779e+21
+0.777777779e+21
+0.777777777e+18
+0.777780009e+18
+0.777777779e+21
+0.888888888e+21
+0.888888899e+21
+2.222222222e+17
+2.222227320e+17
+0.555555556e+21
+0.555555555e+21
+0.555555555e+18
+0.555555478e+18
-8192.000
-0.819200e+34
+1.112223334e+11
+111222.333000183
+111222.333444595
+1.000
+1.000
+0.700e+22
+1.234567890e+20
-0.000
-0.000
-0.000
-4.000
+4.000
-1000000.000
+1000000.000
-0.000
-0.000
-0.000
-0.000
-0.000
-0.000
-0.000
-0.000
-0.000
-0.000
-0.000
-0.000
-0.000
-0.000
-0.000
-0.000
+0.000
+0.000
-0.000
-0.000
+0.590295810e+36
-0.590295810e+36
+0.590295810e+36
-0.590295810e+36
+0.898846567e+308
+0.000
-0.898846567e+308
-0.000
+0.898846567e+308
+0.000
-0.898846567e+308
-0.000
+85.000
