-2000000000000000000000 / 4782969
-2000000000000000000000 / 3, 14
-2000000000000000 / 4782969
-2000000000000000 / 3, 14
-2000000000 / 4782969
-2000000000 / 3, 14
2000000000000000000000 / 4782969
2000000000000000000000 / 3, 14
2000000000000000 / 4782969
2000000000000000 / 3, 14
2000000000 / 4782969
2000000000 / 3, 14
418 * -4782969
418 * 3, 14
1999281042 + 718958
418150316 * -4782969
418150316 * 3, 14
1999999998768204 + 1231796
418150316257537  * -4782969
418150316257537 * 3, 14
1999999999999995487353 + 4512647
-418 * -4782969
-418 * 3, 14
-1999281042 - 718958
-418150316 * -4782969
-418150316 * 3, 14
-1999999998768204 - 1231796
-418150316257537  * -4782969
-418150316257537 * 3, 14
-1999999999999995487353 - 4512647
-2000000000000000000000 / 1953125
-2000000000000000000000 / 5, 9
-2000000000000000 / 1953125
-2000000000000000 / 5, 9
-2000000000 / 1953125
-2000000000 / 5, 9
-1024000000000000 * -1953125
1024000000000000 * 5, 9
-1024000000 * -1953125
1024000000 * 5, 9
-1024 * -1953125
1024 * 5, 9
.
