+7.000
+7.000
+7.000
+7.000
+7.000
+7.000
+7.000
+7.000
+8.000
+9.000
+10.000
+11.000
+12.000
+13.000
+14.000
+49.000
+0.888888888e+23
+0.888888894e+23
+0.888888888e+21
+0.888889587e+21
+0.888888888e+21
+0.888889587e+21
+1.234567889e+22
+1.234567894e+22
+1.234567889e+20
+1.234567631e+20
+1.234567889e+20
+1.234567631e+20
+3.333333333e+20
+1.234567973e+20
+1.234626716e+17
+1.234567889e+20
+1.234567889e+17
+1.234567889e+21
+1.234567889e+20
+1.234567889e+21
+1.234567889e+20
+3.333333505e+20
+3.333333330e+17
+3.333489774e+17
+3.333333505e+20
+0.777777775e+21
+0.777777775e+21
+0.777777777e+18
+0.777795929e+18
+0.777777775e+21
+0.888888888e+21
+0.888889088e+21
+2.222222222e+17
+2.225748602e+17
+0.555555590e+21
+0.555555555e+21
+0.555555555e+18
+0.555608971e+18
-8192.000
-0.819199999e+34
+1.112223334e+11
+111222.332977294
+111222.333435058
+1.000
+1.000
+0.699999999e+22
+1.234567889e+20
-0.000
-0.000
-0.000
-3.999999970
+3.999999970
-1000000.000
+1000000.000
+0.593407135e+4932
-0.000
+0.520721746e-4932
-0.000
-0.593407135e+4932
-0.000
-0.520721746e-4932
-0.000
-0.558839729e+4932
-0.553078495e+4932
+0.520721746e-4932
-0.000
+0.593407135e+4932
-0.000
+4.339347884e-4933
-0.000
+0.000
+0.000
-0.000
+1.234567889e+20
+0.590295810e+36
-0.590295810e+36
+0.590295810e+36
-0.590295810e+36
+0.898846566e+308
+0.556268464e-308
-0.898846566e+308
-0.556268464e-308
+0.898846566e+308
+0.556268464e-308
-0.898846566e+308
-0.556268464e-308
+85.000
