+0.000
+9.000e-1
+9.900e-1
+9.990e-1
+9.998999999999999999999999999999999999999999e-1
+9.999900e-1
+9.999989999999999999999999999999999999999999e-1
+9.999999e-1
+9.999999900e-1
+9.999999989999999999999999999999999999999999e-1
+9.999999999e-1
+9.999999999900e-1
+9.999999999990e-1
+9.999999999999e-1
+9.999999999999900e-1
+9.999999999999990e-1
+9.999999999999999e-1
+9.999999999999999900e-1
+9.999999999999999989999999999999999999999999e-1
+9.999999999999999998999999999999999999999999e-1
+9.999999999999999999900e-1
+9.999999999999999999989999999999999999999999e-1
+9.999999999999999999998999999999999999999999e-1
+9.999999999999999999999900000000000000000001e-1
+9.999999999999999999999990e-1
+9.999999999999999999999999e-1
+9.999999999999999999999999900000000000000001e-1
+9.999999999999999999999999990000000000000001e-1
+9.999999999999999999999999999e-1
+9.999999999999999999999999999900e-1
+9.999999999999999999999999999990e-1
+9.999999999999999999999999999999e-1
+9.999999999999999999999999999999900e-1
+9.999999999999999999999999999999990e-1
+9.999999999999999999999999999999998999999999e-1
+9.999999999999999999999999999999999900e-1
+9.999999999999999999999999999999999990e-1
+9.999999999999999999999999999999999999e-1
+9.999999999999999999999999999999999999900001e-1
+9.999999999999999999999999999999999999990e-1
+9.999999999999999999999999999999999999999e-1
+9.999999999999999999999999999999999999999900e-1
+9.999999999999999999999999999999999999999990e-1
+9.999999999999999999999999999999999999999999e-1
+1.000
