+33 +1
+266666666666666666699 +2
+266666666666666666699 +1
+266666666666666666699
+266666666666666666698 +2
+266666666666666666698 +1
+266666666666666666698
+266666666666666666697 +2
+266666666666666666697 +1
+266666666666666666697
+266666666666666666696 +2
+266666666666666666696 +1
+266666666666666666696
+266666666666666666695 +2
+266666666666666666695 +1
+266666666666666666695
+266666666666666666694 +2
+266666666666666666694 +1
+266666666666666666694
+266666666666666666693 +2
+266666666666666666693 +1
+266666666666666666693
+266666666666666666692 +2
+266666666666666666692 +1
+266666666666666666692
+266666666666666666691 +2
+266666666666666666691 +1
+266666666666666666691
+266666666666666666690 +2
+266666666666666666690 +1
+266666666666666666690
+266666666666666666689 +2
+266666666666666666689 +1
+266666666666666666689
+266666666666666666688 +2
+266666666666666666688 +1
+266666666666666666688
+266666666666666666687 +2
+266666666666666666687 +1
+266666666666666666687
+266666666666666666686 +2
+266666666666666666686 +1
+266666666666666666686
+266666666666666666685 +2
+266666666666666666685 +1
+266666666666666666685
+266666666666666666684 +2
+266666666666666666684 +1
+266666666666666666684
+266666666666666666683 +2
+266666666666666666683 +1
+266666666666666666683
+266666666666666666682 +2
+266666666666666666682 +1
+266666666666666666682
+266666666666666666681 +2
+266666666666666666681 +1
+266666666666666666681
+266666666666666666680 +2
+266666666666666666680 +1
+266666666666666666680
+266666666666666666679 +2
+266666666666666666679 +1
+266666666666666666679
+266666666666666666678 +2
+266666666666666666678 +1
+266666666666666666678
+266666666666666666677 +2
+266666666666666666677 +1
+266666666666666666677
+266666666666666666676 +2
+266666666666666666676 +1
+266666666666666666676
+266666666666666666675 +2
+266666666666666666675 +1
+266666666666666666675
+266666666666666666674 +2
+266666666666666666674 +1
+266666666666666666674
+266666666666666666673 +2
+266666666666666666673 +1
+266666666666666666673
+266666666666666666672 +2
+266666666666666666672 +1
+266666666666666666672
+266666666666666666671 +2
+266666666666666666671 +1
+266666666666666666671
+266666666666666666670 +2
+266666666666666666670 +1
+266666666666666666670
+266666666666666666669 +2
+266666666666666666669 +1
+266666666666666666669
+266666666666666666668 +2
+266666666666666666668 +1
+266666666666666666668
+266666666666666666667 +2
+266666666666666666667 +1
+266666666666666666667
+266666666666666666666 +2
+114285714285714285728 +4
+114285714285714285728 +3
+114285714285714285728 +2
+114285714285714285728 +1
+114285714285714285728
+114285714285714285727 +6
+114285714285714285727 +5
+114285714285714285727 +4
+114285714285714285727 +3
+114285714285714285727 +2
+114285714285714285727 +1
+114285714285714285727
+114285714285714285726 +6
+114285714285714285726 +5
+114285714285714285726 +4
+114285714285714285726 +3
+114285714285714285726 +2
+114285714285714285726 +1
+114285714285714285726
+114285714285714285725 +6
+114285714285714285725 +5
+114285714285714285725 +4
+114285714285714285725 +3
+114285714285714285725 +2
+114285714285714285725 +1
+114285714285714285725
+114285714285714285724 +6
+114285714285714285724 +5
+114285714285714285724 +4
+114285714285714285724 +3
+114285714285714285724 +2
+114285714285714285724 +1
+114285714285714285724
+114285714285714285723 +6
+114285714285714285723 +5
+114285714285714285723 +4
+114285714285714285723 +3
+114285714285714285723 +2
+114285714285714285723 +1
+114285714285714285723
+114285714285714285722 +6
+114285714285714285722 +5
+114285714285714285722 +4
+114285714285714285722 +3
+114285714285714285722 +2
+114285714285714285722 +1
+114285714285714285722
+114285714285714285721 +6
+114285714285714285721 +5
+114285714285714285721 +4
+114285714285714285721 +3
+114285714285714285721 +2
+114285714285714285721 +1
+114285714285714285721
+114285714285714285720 +6
+114285714285714285720 +5
+114285714285714285720 +4
+114285714285714285720 +3
+114285714285714285720 +2
+114285714285714285720 +1
+114285714285714285720
+114285714285714285719 +6
+114285714285714285719 +5
+114285714285714285719 +4
+114285714285714285719 +3
+114285714285714285719 +2
+114285714285714285719 +1
+114285714285714285719
+114285714285714285718 +6
+114285714285714285718 +5
+114285714285714285718 +4
+114285714285714285718 +3
+114285714285714285718 +2
+114285714285714285718 +1
+114285714285714285718
+114285714285714285717 +6
+114285714285714285717 +5
+114285714285714285717 +4
+114285714285714285717 +3
+114285714285714285717 +2
+114285714285714285717 +1
+114285714285714285717
+114285714285714285716 +6
+114285714285714285716 +5
+114285714285714285716 +4
+114285714285714285716 +3
+114285714285714285716 +2
+114285714285714285716 +1
+114285714285714285716
+114285714285714285715 +6
+114285714285714285715 +5
+114285714285714285715 +4
+114285714285714285715 +3
+114285714285714285715 +2
+114285714285714285715 +1
+114285714285714285715
+114285714285714285714 +6
+114285714285714285714 +5
+114285714285714285714 +4
+114285714285714285714 +3
+114285714285714285714 +2
+80000000000000000010
+80000000000000000009 +9
+80000000000000000009 +8
+80000000000000000009 +7
+80000000000000000009 +6
+80000000000000000009 +5
+80000000000000000009 +4
+80000000000000000009 +3
+80000000000000000009 +2
+80000000000000000009 +1
+80000000000000000009
+80000000000000000008 +9
+80000000000000000008 +8
+80000000000000000008 +7
+80000000000000000008 +6
+80000000000000000008 +5
+80000000000000000008 +4
+80000000000000000008 +3
+80000000000000000008 +2
+80000000000000000008 +1
+80000000000000000008
+80000000000000000007 +9
+80000000000000000007 +8
+80000000000000000007 +7
+80000000000000000007 +6
+80000000000000000007 +5
+80000000000000000007 +4
+80000000000000000007 +3
+80000000000000000007 +2
+80000000000000000007 +1
+80000000000000000007
+80000000000000000006 +9
+80000000000000000006 +8
+80000000000000000006 +7
+80000000000000000006 +6
+80000000000000000006 +5
+80000000000000000006 +4
+80000000000000000006 +3
+80000000000000000006 +2
+80000000000000000006 +1
+80000000000000000006
+80000000000000000005 +9
+80000000000000000005 +8
+80000000000000000005 +7
+80000000000000000005 +6
+80000000000000000005 +5
+80000000000000000005 +4
+80000000000000000005 +3
+80000000000000000005 +2
+80000000000000000005 +1
+80000000000000000005
+80000000000000000004 +9
+80000000000000000004 +8
+80000000000000000004 +7
+80000000000000000004 +6
+80000000000000000004 +5
+80000000000000000004 +4
+80000000000000000004 +3
+80000000000000000004 +2
+80000000000000000004 +1
+80000000000000000004
+80000000000000000003 +9
+80000000000000000003 +8
+80000000000000000003 +7
+80000000000000000003 +6
+80000000000000000003 +5
+80000000000000000003 +4
+80000000000000000003 +3
+80000000000000000003 +2
+80000000000000000003 +1
+80000000000000000003
+80000000000000000002 +9
+80000000000000000002 +8
+80000000000000000002 +7
+80000000000000000002 +6
+80000000000000000002 +5
+80000000000000000002 +4
+80000000000000000002 +3
+80000000000000000002 +2
+80000000000000000002 +1
+80000000000000000002
+80000000000000000001 +9
+80000000000000000001 +8
+80000000000000000001 +7
+80000000000000000001 +6
+80000000000000000001 +5
+80000000000000000001 +4
+80000000000000000001 +3
+80000000000000000001 +2
+80000000000000000001 +1
+80000000000000000001
+80000000000000000000 +9
+80000000000000000000 +8
+80000000000000000000 +7
+80000000000000000000 +6
+80000000000000000000 +5
+80000000000000000000 +4
+80000000000000000000 +3
+80000000000000000000 +2
+80000000000000000000 +1
+80000000000000000000
+88888888888888888900
+88888888888888888899 +8
+88888888888888888899 +7
+88888888888888888899 +6
+88888888888888888899 +5
+88888888888888888899 +4
+88888888888888888899 +3
+88888888888888888899 +2
+88888888888888888899 +1
+88888888888888888899
+88888888888888888898 +8
+88888888888888888898 +7
+88888888888888888898 +6
+88888888888888888898 +5
+88888888888888888898 +4
+88888888888888888898 +3
+88888888888888888898 +2
+88888888888888888898 +1
+88888888888888888898
+88888888888888888897 +8
+88888888888888888897 +7
+88888888888888888897 +6
+88888888888888888897 +5
+88888888888888888897 +4
+88888888888888888897 +3
+88888888888888888897 +2
+88888888888888888897 +1
+88888888888888888897
+88888888888888888896 +8
+88888888888888888896 +7
+88888888888888888896 +6
+88888888888888888896 +5
+88888888888888888896 +4
+88888888888888888896 +3
+88888888888888888896 +2
+88888888888888888896 +1
+88888888888888888896
+88888888888888888895 +8
+88888888888888888895 +7
+88888888888888888895 +6
+88888888888888888895 +5
+88888888888888888895 +4
+88888888888888888895 +3
+88888888888888888895 +2
+88888888888888888895 +1
+88888888888888888895
+88888888888888888894 +8
+88888888888888888894 +7
+88888888888888888894 +6
+88888888888888888894 +5
+88888888888888888894 +4
+88888888888888888894 +3
+88888888888888888894 +2
+88888888888888888894 +1
+88888888888888888894
+88888888888888888893 +8
+88888888888888888893 +7
+88888888888888888893 +6
+88888888888888888893 +5
+88888888888888888893 +4
+88888888888888888893 +3
+88888888888888888893 +2
+88888888888888888893 +1
+88888888888888888893
+88888888888888888892 +8
+88888888888888888892 +7
+88888888888888888892 +6
+88888888888888888892 +5
+88888888888888888892 +4
+88888888888888888892 +3
+88888888888888888892 +2
+88888888888888888892 +1
+88888888888888888892
+88888888888888888891 +8
+88888888888888888891 +7
+88888888888888888891 +6
+88888888888888888891 +5
+88888888888888888891 +4
+88888888888888888891 +3
+88888888888888888891 +2
+88888888888888888891 +1
+88888888888888888891
+88888888888888888890 +8
+88888888888888888890 +7
+88888888888888888890 +6
+88888888888888888890 +5
+88888888888888888890 +4
+88888888888888888890 +3
+88888888888888888890 +2
+88888888888888888890 +1
+88888888888888888890
+88888888888888888889 +8
+88888888888888888889 +7
+88888888888888888889 +6
+88888888888888888889 +5
+88888888888888888889 +4
+88888888888888888889 +3
+88888888888888888889 +2
+88888888888888888889 +1
+88888888888888888889
+88888888888888888888 +8
