7 * -8, 22
+516508834063867445248 / -8, 22
246913578024691357802 / -2
-246913578024691357802 / 2
-246913578024691357802 / -2
333333333333333333333 * -3
-999999999999999999999 / 3
-511 * -512, 6
-9205357638345293824 / 512, 6
31 * 2, 60
+35740566642812256256 / -2, 60
-31 * 2, 60
-35740566642812256256 / -2, 60
129 * 2, 58
-129 * 2, 58
+37181718523570814976 / -2, 58
-37181718523570814976 / -2, 58
111111111111111111111 + 111111111111111111111, 8
999999999999999999999 - 111111111111111111111, 7
262143 * 2, 53
+2361174234235567865856 / -2, 53
524288 * 524288
274877906943 * 8, 11
+2361183241426232672256 / -8, 11
404040404040404040404 + 101010101010101010101, 5
33 * 7, 21
+18432013514748372231 / -7, 21
.

