500004 000031 00000E 000000 000000 4C0004 00000F 000000
000000 2E0000 4C0004 000000 FFFFFF FFFFFF 2E2E00 560006
000001 000000 000003 6C6F61 642E66 730000 46000C 000001
000000 000001 000000 000000 000000 000000 000027 6C6F61
646572 5F6461 746100 46000D 000001 000000 000002 000000
000000 000000 000000 0000B1 766965 776669 6C655F 646174
610000 80000D 000000 000000 000000 000000 000000 000000
000000 000000 000000 000000 000000 000000 000000 450000

+loader_data:$20:000000000016
000009 781928 000000 00303C 6C6F61 646572 3A2025 730A20
6C6F61 646162 6C6520 676174 652020 000000 000000 000000
000000 000000 000000 000000 000000 000000 000000 000000
000000 000000 000000 000000 000000 000000 000000 000000
000000 000000 000000 000000 000000 000000 000000 000000
000000 000000 000000 000000 000000 000000 000000 000000
000000 000000 000000 000000 000000 000000 000000 000000
000000 000000 000000 000000 000000 000000 000000 000000

+viewfile_data:$20:000000000023
00001D 12BD9B 000000 003000 000000 020709 000000 000000
AC1D07 060801 00300B 726162 69646C 790000 000000 021F11
000000 000000 AC1D07 060801 000000 2F5573 657273 2F7469
6D636F 782F6E 667364 726976 652F66 73696D 616765 730000
000000 000016 5459BC 000000 00401D 66696C 652076 696577
65723A 20796F 757220 636F6D 6D616E 64206C 696E65 206973
202573 0A0000 727820 737461 747573 202564 0A0000 626164
206F70 656E20 25640A 000000 000000 000000 000000 000000
