500004 000000 000000 000000 000000 4C0004 00000F 000000
000000 2E0000 4C0004 000000 FFFFFF FFFFFF 2E2E00 560005
000000 000000 000001 465330 303031 000000 000000 000000
000000 000000 000000 000000 000000 000000 000000 000000
000000 000000 000000 000000 000000 000000 000000 000000
000000 000000 000000 000000 000000 000000 000000 000000
000000 000000 000000 000000 000000 000000 000000 000000
000000 000000 000000 000000 000000 000000 000000 000000

+embedded:$20:00000000000F
$32:000040

+sling_data:$20:000000000016
$32:000040
00000A FFCEAD 000000 003000 000000 000000 000000 000000
000000 00007F 000000 000000 000001 0000C8 000029 93B180
000000 00304D 686F6F 746F6F 3E0020 25642E 25642E 25642E
25643A 256400 25642E 25642E 25642E 25643A 256420 594550
3F3E00 256420 6F6374 657473 207478 0A0020 736F63 6B6574
206661 696C20 25640A 002020 636F6E 6E6563 742066 61696C
202564 0A0020 737464 696E20 666169 6C2025 640A00 747820
666169 6C2025 640A00 000000 000000 000000 000000 000000

+back_data:$20:000000000023
$32:000080
000002 FFCFFD 000000 003000 000000 000000 00001E B38CDE
000000 003045 6E6577 20736F 636B65 742025 640A00 5B2564
5D0020 2E0A00 736F63 6B6574 206572 726F72 202564 0A0020
62696E 642065 72726F 722025 640A00 616363 657074 206572
726F72 202564 0A0020 727820 657272 6F7220 25640A 002020
000000 000000 000000 000000 000000 000000 000000 000000
000000 000000 000000 000000 000000 000000 000000 000000
000000 000000 000000 000000 000000 000000 000000 000000

+shot_data:$20:00000000002F
$32:0000C0
00000D FFCEAA 000000 003000 000000 000000 000000 000000
000000 00007F 000000 000000 000001 0000C8 000000 000000
000000 00002C FEF85E 000000 0045A5 686F6F 746F6F 3E0000
25642E 25642E 25642E 25643A 256400 25642E 25642E 25642E
25643A 256420 66696C 653E00 3C2D20 25730A 000000 256420
6F6374 657473 207478 0A0000 736F63 6B6574 206661 696C20
25640A 000000 636F6E 6E6563 742066 61696C 202564 0A0000
737464 696E20 666169 6C2025 640A00 747820 666169 6C2025
640A00 000000 000000 000000 000000 000000 000000 000000
000000 000000 000000 000000 000000 000000 000000 000000
000000 000000 000000 000000 000000 000000 000000 000000
000000 000000 000000 000000 000000 000000 000000 000000
000000 000000 000000 000000 000000 000000 000000 000000
000000 000000 000000 000000 000000 000000 000000 000000
000000 000000 000000 000000 000000 000000 000000 000000
000000 000000 000000 000000 000000 000000 000000 000000
