-6437500000000
6000000000000
48000000000000
136335127673563
-412000000000000
-35485700832
-35485700832
4000000
4000000
4000000
16000000
4225654784
279999552000000000000
-279999552000000000000
6184960
6184960
2304000000000000
2304000000000000
437500000000
437500000000
6000000000000
0
6000000000000
6000000000000
6000000000000
0
0
0
1
1
1
0
0
0
-6000000000000
-6000000000000
-6000000000000
0
0
0
1
1
1
1
1
6000000000000000000
-6000000000000000000
-6000000000000000000
-6000000000000000000
6000000000000000000
6000000000000000000
2400000000000000
-2400000000000000
-2400000000000000
2400000000000000
-281474965854811
-281474965854811
-281474968322048
-281474968322048
-281474968322048
-281474968322048
-281474968322048

