+1.100e+26 +1.100e+25 +1.100000000000000000001e+24 +1.100000000000000000111e+23 +1.100000000000000011e+22
+1.100000000000001100e+21 +1.100000000000110e+20 +1.100000000011e+19 +1.100000001100e+18 +1.100000110e+17
+1.100011e+16 +1.101100e+15 +1.210e+14 +1.210e+14 +1.101100e+15
+1.100011e+16 +1.100000110e+17 +1.100000001100e+18 +1.100000000011e+19 +1.100000000000110e+20
+1.100000000000001100e+21 +1.100000000000000011e+22 +1.100000000000000000111e+23 +1.100000000000000000001e+24 +1.100e+25

+0.990e+26 +0.990e+25 +0.990000000000000000002e+24 +0.990000000000000000220e+23 +0.990000000000000022e+22
+0.990000000000002200e+21 +0.990000000000220e+20 +0.990000000022e+19 +0.990000002200e+18 +0.990000220e+17
+0.990022e+16 +0.992200e+15 +1.210e+14 +2.299e+14 +2.200990e+15
+2.200009900e+16 +2.200000099000000000001e+17 +2.200000000990e+18 +2.200000000009900e+19 +2.200000000000099e+20
+2.200000000000000990001e+21 +2.200000000000000009901e+22 +2.200000000000000000100e+23 +2.200000000000000000001e+24 +2.200000000000000000001e+25

+0.880e+26 +0.880e+25 +0.880000000000000000003e+24 +0.880000000000000000330e+23 +0.880000000000000033e+22
+0.880000000000003300e+21 +0.880000000000330e+20 +0.880000000033e+19 +0.880000003300e+18 +0.880000330e+17
+0.880033e+16 +0.883300e+15 +1.210e+14 +3.388000000000000000001e+14 +3.300880000000000000001e+15
+3.300008800000000000001e+16 +3.300000088e+17 +3.300000000880000000001e+18 +3.300000000008800000002e+19 +3.300000000000088e+20
+3.300000000000000880e+21 +3.300000000000000008801e+22 +3.300000000000000000090e+23 +3.300000000000000000002e+24 +3.300000000000000000001e+25

+0.770e+26 +0.770e+25 +0.770000000000000000004e+24 +0.770000000000000000440e+23 +0.770000000000000044e+22
+0.770000000000004400e+21 +0.770000000000440e+20 +0.770000000044e+19 +0.770000004400e+18 +0.770000440e+17
+0.770044e+16 +0.774400e+15 +1.210e+14 +4.477e+14 +4.400770e+15
+4.400007700000000000001e+16 +4.400000077000000000001e+17 +4.400000000770000000001e+18 +4.400000000007700e+19 +4.400000000000077000001e+20
+4.400000000000000770002e+21 +4.400000000000000007701e+22 +4.400000000000000000079e+23 +4.400000000000000000003e+24 +4.400000000000000000002e+25

+0.660e+26 +0.660e+25 +0.660000000000000000005e+24 +0.660000000000000000550e+23 +0.660000000000000055e+22
+0.660000000000005500e+21 +0.660000000000550e+20 +0.660000000055e+19 +0.660000005500e+18 +0.660000550e+17
+0.660055e+16 +0.665500e+15 +1.210e+14 +0.556600e+15 +0.550066e+16
+0.550000660e+17 +0.550000006600e+18 +0.550000000066e+19 +0.550000000000660e+20 +0.550000000000006600e+21
+0.550000000000000066e+22 +0.550000000000000000660e+23 +0.550000000000000000006e+24 +0.550e+25 +0.550e+26

+0.550e+26 +0.550e+25 +0.550000000000000000006e+24 +0.550000000000000000660e+23 +0.550000000000000066e+22
+0.550000000000006600e+21 +0.550000000000660e+20 +0.550000000066e+19 +0.550000006600e+18 +0.550000660e+17
+0.550066e+16 +0.556600e+15 +1.210e+14 +0.665500e+15 +0.660055e+16
+0.660000550e+17 +0.660000005500e+18 +0.660000000055e+19 +0.660000000000550e+20 +0.660000000000005500e+21
+0.660000000000000055e+22 +0.660000000000000000550e+23 +0.660000000000000000005e+24 +0.660e+25 +0.660e+26

+4.400000000000000000002e+25 +4.400000000000000000003e+24 +4.400000000000000000079e+23 +4.400000000000000007701e+22 +4.400000000000000770002e+21
+4.400000000000077000001e+20 +4.400000000007700e+19 +4.400000000770000000001e+18 +4.400000077000000000001e+17 +4.400007700000000000001e+16
+4.400770e+15 +4.477e+14 +1.210e+14 +0.774400e+15 +0.770044e+16
+0.770000440e+17 +0.770000004400e+18 +0.770000000044e+19 +0.770000000000440e+20 +0.770000000000004400e+21
+0.770000000000000044e+22 +0.770000000000000000440e+23 +0.770000000000000000004e+24 +0.770e+25 +0.770e+26

+3.300000000000000000001e+25 +3.300000000000000000002e+24 +3.300000000000000000090e+23 +3.300000000000000008801e+22 +3.300000000000000880e+21
+3.300000000000088e+20 +3.300000000008800000002e+19 +3.300000000880000000001e+18 +3.300000088e+17 +3.300008800000000000001e+16
+3.300880000000000000001e+15 +3.388000000000000000001e+14 +1.210e+14 +0.883300e+15 +0.880033e+16
+0.880000330e+17 +0.880000003300e+18 +0.880000000033e+19 +0.880000000000330e+20 +0.880000000000003300e+21
+0.880000000000000033e+22 +0.880000000000000000330e+23 +0.880000000000000000003e+24 +0.880e+25 +0.880e+26

+2.200000000000000000001e+25 +2.200000000000000000001e+24 +2.200000000000000000100e+23 +2.200000000000000009901e+22 +2.200000000000000990001e+21
+2.200000000000099e+20 +2.200000000009900e+19 +2.200000000990e+18 +2.200000099000000000001e+17 +2.200009900e+16
+2.200990e+15 +2.299e+14 +1.210e+14 +0.992200e+15 +0.990022e+16
+0.990000220e+17 +0.990000002200e+18 +0.990000000022e+19 +0.990000000000220e+20 +0.990000000000002200e+21
+0.990000000000000022e+22 +0.990000000000000000220e+23 +0.990000000000000000002e+24 +0.990e+25 +0.990e+26

+1.100e+25 +1.100000000000000000001e+24 +1.100000000000000000111e+23 +1.100000000000000011e+22 +1.100000000000001100e+21
+1.100000000000110e+20 +1.100000000011e+19 +1.100000001100e+18 +1.100000110e+17 +1.100011e+16
+1.101100e+15 +1.210e+14 +1.210e+14 +1.101100e+15 +1.100011e+16
+1.100000110e+17 +1.100000001100e+18 +1.100000000011e+19 +1.100000000000110e+20 +1.100000000000001100e+21
+1.100000000000000011e+22 +1.100000000000000000111e+23 +1.100000000000000000001e+24 +1.100e+25 +1.100e+26

